00:00:01    kbmemfree kbmemused  %memused kbbuffers  kbcached kbswpfree kbswpused  %swpused  kbswpcad
00:05:01       377616   2992888     88.80    131844   1703796   9096324    687244      7.02    316592
00:06:02        64836   3305668     98.08    284732   1813816   9096324    687244      7.02    314592
00:07:01       228436   3142068     93.22    399548   1517880   9096252    687316      7.03    304080
00:08:01       553228   2817276     83.59    399888   1229692   9096252    687316      7.03    304080
00:09:01       542508   2827996     83.90    400016   1230176   9096252    687316      7.03    304080
00:10:01       550340   2820164     83.67    400152   1231912   9096252    687316      7.03    306004
00:11:01       553184   2817320     83.59    400248   1231940   9096252    687316      7.03    306004
00:12:01       531244   2839260     84.24    400484   1232048   9096252    687316      7.03    306004
00:13:01       541392   2829112     83.94    400580   1232120   9096252    687316      7.03    306012
00:14:01       541144   2829360     83.94    400648   1232132   9096252    687316      7.03    306012
00:15:01       521408   2849096     84.53    400836   1232116   9096252    687316      7.03    306012
00:16:01       534612   2835892     84.14    401308   1233084   9096252    687316      7.03    306036
00:17:01       524024   2846480     84.45    401524   1234064   9096252    687316      7.03    306036
00:18:02       508304   2862200     84.92    401688   1234048   9096252    687316      7.03    306036
00:19:01       525204   2845300     84.42    401780   1234112   9096252    687316      7.03    306036
00:20:01       522128   2848376     84.51    401904   1234284   9096252    687316      7.03    306036
00:21:01       532428   2838076     84.20    402008   1234324   9096252    687316      7.03    306036
00:22:01       529484   2841020     84.29    402168   1234344   9096252    687316      7.03    306036
00:23:01       529392   2841112     84.29    402280   1234436   9096252    687316      7.03    306036
00:24:01       525688   2844816     84.40    402384   1234468   9096252    687316      7.03    306036
00:25:01       520596   2849908     84.55    402528   1234500   9096252    687316      7.03    306036
00:26:01       533452   2837052     84.17    402644   1234520   9096252    687316      7.03    306036
00:27:01       528532   2841972     84.32    402728   1234556   9096252    687316      7.03    306036
00:28:01       529168   2841336     84.30    402868   1234568   9096252    687316      7.03    306064
00:29:01       517624   2852880     84.64    402996   1234696   9096252    687316      7.03    306064
00:30:01       511168   2859336     84.83    403100   1234812   9096252    687316      7.03    306064
00:31:01       479588   2890916     85.77    403352   1277792   9096252    687316      7.03    306072
00:32:01       472304   2898200     85.99    403444   1277824   9096252    687316      7.03    306072
00:33:01       472844   2897660     85.97    403588   1277820   9096252    687316      7.03    306072
00:34:01       485576   2884928     85.59    403880   1278208   9096252    687316      7.03    306072
00:35:01       480684   2889820     85.74    404076   1278340   9096252    687316      7.03    306072
00:36:01       480288   2890216     85.75    404164   1278360   9096252    687316      7.03    306100
00:37:02       478272   2892232     85.81    404472   1278680   9096252    687316      7.03    306100
00:38:01       478404   2892100     85.81    404552   1278688   9096252    687316      7.03    306100
00:39:01       478272   2892232     85.81    404632   1278704   9096252    687316      7.03    306100
00:40:01       467800   2902704     86.12    404784   1278720   9096252    687316      7.03    306128
00:41:01       490964   2879540     85.43    405044   1279184   9096252    687316      7.03    306128
00:42:01       483828   2886676     85.65    405136   1279200   9096252    687316      7.03    306128
00:43:01       480976   2889528     85.73    405256   1279216   9096252    687316      7.03    306128
00:44:01       475388   2895116     85.90    405332   1279228   9096252    687316      7.03    306128
00:45:01       468096   2902408     86.11    405476   1279376   9096328    687240      7.02    306136
00:46:01       481380   2889124     85.72    405656   1279424   9096328    687240      7.02    306164
00:47:01       477560   2892944     85.83    405740   1279460   9096328    687240      7.02    306164
00:48:01       482656   2887848     85.68    405856   1279644   9096344    687224      7.02    306164
00:49:01       474556   2895948     85.92    406004   1279700   9096344    687224      7.02    306188
00:50:01       473532   2896972     85.95    406104   1279728   9096344    687224      7.02    306188
00:51:01       466524   2903980     86.16    406208   1279724   9096344    687224      7.02    306188
00:52:01       488680   2881824     85.50    406352   1280056   9096412    687156      7.02    306192
00:53:01       487440   2883064     85.54    406432   1280080   9096412    687156      7.02    306192
00:54:01       470520   2899984     86.04    406508   1280108   9096412    687156      7.02    306192
00:55:01       468416   2902088     86.10    406640   1280284   9096448    687120      7.02    306192
01:05:01       460516   2909988     86.34    408396   1287948   9096796    686772      7.02    306236
01:06:01       474968   2895536     85.91    408528   1287996   9096796    686772      7.02    306236
01:07:01       476644   2893860     85.86    408628   1288012   9096796    686772      7.02    306236
01:08:01       464176   2906328     86.23    408716   1288032   9096796    686772      7.02    306236
01:09:01       454608   2915896     86.51    408860   1288144   9096796    686772      7.02    306236
01:10:01       446180   2924324     86.76    409076   1288268   9096896    686672      7.02    306228
01:11:01       449320   2921184     86.67    409152   1288292   9096896    686672      7.02    306228
01:12:01       432140   2938364     87.18    409244   1288344   9096896    686672      7.02    306228
01:13:01       437288   2933216     87.03    409472   1288528   9096896    686672      7.02    306232
01:14:01       431848   2938656     87.19    409564   1288544   9096896    686672      7.02    306232
01:15:01       431272   2939232     87.20    409648   1288556   9096896    686672      7.02    306232
01:16:01       439720   2930784     86.95    409840   1288680   9096896    686672      7.02    306252
01:17:01       434436   2936068     87.11    410016   1288824   9096972    686596      7.02    306260
01:18:01       412840   2957664     87.75    410136   1288828   9096972    686596      7.02    306260
01:19:01       427264   2943240     87.32    410288   1288904   9096972    686596      7.02    306260
01:20:01       426760   2943744     87.34    410372   1288916   9096972    686596      7.02    306260
01:21:01       425152   2945352     87.39    410540   1288996   9097016    686552      7.02    306256
01:22:01       445044   2925460     86.80    410640   1289384   9097016    686552      7.02    306256
01:23:01       445032   2925472     86.80    410720   1289396   9097016    686552      7.02    306256
01:24:01       419796   2950708     87.55    410804   1289408   9097016    686552      7.02    306256
01:25:01       442256   2928248     86.88    410952   1289408   9097016    686552      7.02    306256
01:26:01       474300   2896204     85.93    411036   1289456   9097016    686552      7.02    306256
01:27:01       468384   2902120     86.10    411200   1289644   9097052    686516      7.02    306256
01:28:01       473184   2897320     85.96    411296   1289684   9097052    686516      7.02    306260
01:29:01       471820   2898684     86.00    411380   1289688   9097052    686516      7.02    306260
01:30:01       471184   2899320     86.02    411600   1272676   9097052    686516      7.02    306260
01:31:01       516736   2853768     84.67    411796   1244744   9097052    686516      7.02    306260
01:32:01       498244   2872260     85.22    411988   1244932   9097052    686516      7.02    306260
01:33:01       467500   2903004     86.13    412160   1245048   9097052    686516      7.02    306260
01:34:01       491468   2879036     85.42    412364   1246444   9097052    686516      7.02    306280
01:35:02       380972   2989532     88.70    522040   1195728   9096992    686576      7.02    306080
01:36:01       549956   2820548     83.68    545844    997696   9096896    686672      7.02    306108
01:37:01       685848   2684656     79.65    544164    853924   9096376    687192      7.02    306624
01:38:01      1319904   2050600     60.84    527096    209892   9095456    688112      7.03    307500
01:39:01      1328472   2042032     60.59    519244    215712   9095456    688112      7.03    307460
01:40:01      1320452   2050052     60.82    518640    223380   9095456    688112      7.03    307460
01:41:01      1326728   2043776     60.64    518816    228124   9095492    688076      7.03    307432
01:42:01      1318956   2051548     60.87    518928    228124   9095492    688076      7.03    307432
01:43:01      1320244   2050260     60.83    517948    228260   9095484    688084      7.03    307440
01:44:01      1319440   2051064     60.85    518048    228388   9095540    688028      7.03    307440
01:45:01      1329860   2040644     60.54    518220    228380   9095540    688028      7.03    307440
01:46:01      1330628   2039876     60.52    518340    228448   9095540    688028      7.03    307440
01:47:01      1330008   2040496     60.54    518448    228464   9095540    688028      7.03    307440
01:48:01      1316864   2053640     60.93    518572    228452   9095540    688028      7.03    307476
01:49:01      1333644   2036860     60.43    518748    228712   9095540    688028      7.03    307476
01:50:01      1322536   2047968     60.76    518900    229036   9095564    688004      7.03    307460
01:51:01      1339336   2031168     60.26    519056    229044   9095564    688004      7.03    307460
01:52:01      1337368   2033136     60.32    519304    229216   9095564    688004      7.03    307460
01:53:01      1333276   2037228     60.44    519408    229228   9095564    688004      7.03    307460
01:54:01      1333020   2037484     60.45    519516    229228   9095564    688004      7.03    307460
01:55:01      1328804   2041700     60.58    519660    229256   9095564    688004      7.03    307460
02:05:01      1295940   2074564     61.55    522084    245220   9095592    687976      7.03    307664
02:06:01      1304184   2066320     61.31    522212    245240   9095592    687976      7.03    307664
02:07:01      1309212   2061292     61.16    522364    245372   9095592    687976      7.03    307664
02:08:01      1309168   2061336     61.16    522472    245484   9095608    687960      7.03    307672
02:09:01      1323868   2046636     60.72    521844    245760   9095608    687960      7.03    307704
02:10:01      1318660   2051844     60.88    521976    245828   9095608    687960      7.03    307704
02:11:01      1320256   2050248     60.83    522072    245852   9095608    687960      7.03    307704
02:12:01      1287776   2082728     61.79    522228    245984   9095608    687960      7.03    307704
02:13:01      1293608   2076896     61.62    522452    246288   9095608    687960      7.03    307760
02:14:01      1293376   2077128     61.63    522548    246304   9095608    687960      7.03    307760
02:15:01      1284032   2086472     61.90    521536    246296   9095608    687960      7.03    307776
02:16:01      1289136   2081368     61.75    521716    246380   9095608    687960      7.03    307776
02:17:01      1286808   2083696     61.82    521884    246384   9095608    687960      7.03    307776
02:18:01      1260628   2109876     62.60    522028    246424   9095608    687960      7.03    307776
02:19:01      1299512   2070992     61.44    522312    246640   9095608    687960      7.03    307784
02:20:01      1298844   2071660     61.46    522400    246652   9095608    687960      7.03    307784
02:21:01      1285688   2084816     61.85    521276    246720   9095568    688000      7.03    307824
02:22:01      1320364   2050140     60.83    521396    246612   9095568    688000      7.03    307824
02:23:02      1319264   2051240     60.86    521500    246620   9095568    688000      7.03    307824
02:24:01      1313776   2056728     61.02    521600    246636   9095568    688000      7.03    307824
02:25:01      1315760   2054744     60.96    521752    246656   9095568    688000      7.03    307824
02:26:01      1316712   2053792     60.93    521880    246708   9095568    688000      7.03    307824
02:27:01      1304532   2065972     61.30    522592    247036   9095568    688000      7.03    307824
02:28:01      1305432   2065072     61.27    522792    247472   9095568    688000      7.03    307824
02:29:01      1304036   2066468     61.31    523012    247572   9095568    688000      7.03    307824
02:30:01      1293212   2077292     61.63    522300    247616   9095568    688000      7.03    307824
02:31:01      1296280   2074224     61.54    522752    247656   9095568    688000      7.03    307824
02:32:01      1297428   2073076     61.51    522004    247684   9095568    688000      7.03    307824
02:33:01      1290980   2079524     61.70    522444    247696   9095568    688000      7.03    307824
02:34:01      1285700   2084804     61.85    522160    248084   9095516    688052      7.03    307876
02:35:01      1284584   2085920     61.89    522568    248112   9095516    688052      7.03    307876
02:36:01      1283388   2087116     61.92    522880    248512   9095552    688016      7.03    307872
02:37:01      1299700   2070804     61.44    522300    248600   9095516    688052      7.03    307896
02:38:01      1296480   2074024     61.53    522560    248688   9095532    688036      7.03    307896
02:39:01      1272488   2098016     62.25    523040    249088   9095532    688036      7.03    307920
02:40:01      1305120   2065384     61.28    523372    249228   9095532    688036      7.03    307920
02:41:01      1300364   2070140     61.42    522368    249284   9095532    688036      7.03    307920
02:42:01      1289764   2080740     61.73    522696    249368   9095548    688020      7.03    307944
02:43:01      1312460   2058044     61.06    523008    249524   9095548    688020      7.03    307944
02:44:01      1305148   2065356     61.28    523268    249668   9095548    688020      7.03    307944
02:45:01      1274864   2095640     62.18    523004    249580   9095548    688020      7.03    307944
02:46:01      1307692   2062812     61.20    523420    249760   9095548    688020      7.03    307944
02:47:01      1307484   2063020     61.21    523716    249784   9095548    688020      7.03    307944
02:48:01      1300068   2070436     61.43    522792    251472   9096724    686844      7.02    307952
02:49:01      1302604   2067900     61.35    522912    251516   9096724    686844      7.02    307984
02:50:01      1296920   2073584     61.52    523004    251580   9096740    686828      7.02    307968
02:51:01      1285628   2084876     61.86    523152    251640   9096740    686828      7.02    307968
02:52:01      1287848   2082656     61.79    523508    251872   9096740    686828      7.02    307968
02:53:01      1288196   2082308     61.78    523604    251892   9096740    686828      7.02    307968
02:54:01      1275012   2095492     62.17    523744    251884   9096740    686828      7.02    308000
02:55:01      1284352   2086152     61.89    523836    251924   9096740    686828      7.02    308000
03:05:01      1287104   2083400     61.81    524648    253812   9097236    686332      7.02    307816
03:06:01      1281200   2089304     61.99    524016    253816   9097236    686332      7.02    307816
03:07:01      1293188   2077316     61.63    524508    253880   9097236    686332      7.02    307816
03:08:01      1287376   2083128     61.80    524936    253900   9097236    686332      7.02    307816
03:09:01      1273168   2097336     62.23    524504    254556   9097256    686312      7.01    307808
03:10:01      1276872   2093632     62.12    525020    254804   9097272    686296      7.01    307860
03:11:01      1288220   2082284     61.78    524616    255072   9097280    686288      7.01    307852
03:12:01      1288448   2082056     61.77    525096    255116   9097280    686288      7.01    307852
03:13:01      1289940   2080564     61.73    524504    255132   9097280    686288      7.01    307872
03:14:01      1286724   2083780     61.82    524992    255460   9097336    686232      7.01    307872
03:15:01      1257356   2113148     62.70    524516    255500   9097336    686232      7.01    307872
03:16:01      1286592   2083912     61.83    524412    255840   9097344    686224      7.01    307872
03:17:01      1278296   2092208     62.07    525168    255964   9097356    686212      7.01    307872
03:18:01      1284844   2085660     61.88    524616    256220   9097356    686212      7.01    307872
03:19:01      1296012   2074492     61.55    525260    256236   9097356    686212      7.01    307904
03:20:01      1296144   2074360     61.54    525884    256252   9097356    686212      7.01    307904
03:21:01      1285024   2085480     61.87    525176    256268   9097356    686212      7.01    307928
03:22:01      1301140   2069364     61.40    525528    256696   9097356    686212      7.01    307928
03:23:01      1299412   2071092     61.45    525616    256792   9097384    686184      7.01    307932
03:24:01      1269416   2101088     62.34    524908    256992   9097384    686184      7.01    307932
03:25:01      1305636   2064868     61.26    526212    257064   9097384    686184      7.01    307932
03:26:01      1326384   2044120     60.65    526304    257120   9097384    686184      7.01    307932
03:27:01      1314052   2056452     61.01    525292    256856   9097384    686184      7.01    307932
03:28:01      1322632   2047872     60.76    526552    256960   9097384    686184      7.01    307932
03:29:01      1313820   2056684     61.02    526432    256996   9097384    686184      7.01    307932
03:30:01      1313224   2057280     61.04    526508    257024   9097384    686184      7.01    307932
03:31:01      1316304   2054200     60.95    526116    257364   9097388    686180      7.01    307920
03:32:01      1310352   2060152     61.12    526708    257504   9097388    686180      7.01    307920
03:33:01      1308128   2062376     61.19    527372    257548   9097388    686180      7.01    307920
03:34:01      1302816   2067688     61.35    526920    257556   9097388    686180      7.01    307920
03:35:01      1289388   2081116     61.74    527640    257712   9097388    686180      7.01    307920
03:36:01      1293120   2077384     61.63    527576    257588   9097176    686392      7.02    308132
03:37:01      1298588   2071916     61.47    527228    257584   9097152    686416      7.02    308188
03:38:01      1294028   2076476     61.61    527876    257648   9097152    686416      7.02    308188
03:39:01      1285884   2084620     61.85    528644    263992   9097152    686416      7.02    308188
03:40:01      1268660   2101844     62.36    528284    264108   9097152    686416      7.02    308220
03:41:01      1294552   2075952     61.59    527696    264152   9097164    686404      7.02    308208
03:42:01      1280160   2090344     62.02    528448    264312   9097228    686340      7.02    308204
03:43:01      1276364   2094140     62.13    527940    264540   9097228    686340      7.02    308204
03:44:01      1257444   2113060     62.69    528288    264968   9097228    686340      7.02    308204
03:45:01      1235848   2134656     63.33    527748    264976   9097228    686340      7.02    308204
03:46:01      1278672   2091832     62.06    528268    265044   9097228    686340      7.02    308204
03:47:01      1302936   2067568     61.34    528844    265140   9097236    686332      7.02    308180
03:48:01      1271980   2098524     62.26    528056    265148   9097236    686332      7.02    308184
03:49:01      1286516   2083988     61.83    528476    265364   9097244    686324      7.02    308184
03:50:01      1286296   2084208     61.84    528700    265416   9097244    686324      7.02    308184
03:51:01      1269308   2101196     62.34    527956    265460   9097244    686324      7.02    308184
03:52:01      1280252   2090252     62.02    528124    265492   9097244    686324      7.02    308184
03:53:01      1279108   2091396     62.05    528420    265576   9097244    686324      7.02    308184
03:54:01      1262332   2108172     62.55    528664    265592   9097244    686324      7.02    308184
03:55:01      1269832   2100672     62.33    528756    265668   9097244    686324      7.02    308184
04:05:01      1266592   2103912     62.42    529152    266944   9097268    686300      7.01    308220
04:06:01      1269484   2101020     62.34    528344    267172   9097312    686256      7.01    308176
04:07:01      1266416   2104088     62.43    528672    267212   9097312    686256      7.01    308200
04:08:01      1265492   2105012     62.45    528952    267284   9097312    686256      7.01    308200
04:09:01      1261860   2108644     62.56    529104    267340   9097316    686252      7.01    308196
04:10:01      1257980   2112524     62.68    528440    267480   9097316    686252      7.01    308260
04:11:01      1258524   2111980     62.66    528608    267540   9097316    686252      7.01    308260
04:12:01      1259852   2110652     62.62    528368    267568   9097316    686252      7.01    308260
04:13:01      1264108   2106396     62.49    529140    267624   9097316    686252      7.01    308260
04:14:01      1264992   2105512     62.47    528760    267668   9097316    686252      7.01    308260
04:15:01      1249664   2120840     62.92    528400    267684   9097316    686252      7.01    308260
04:16:01      1267484   2103020     62.39    527984    267768   9097316    686252      7.01    308288
04:17:01      1246124   2124380     63.03    528444    267820   9097316    686252      7.01    308288
04:18:01      1230356   2140148     63.50    528204    269916   9098132    685436      7.01    308312
04:19:01      1266140   2104364     62.43    529052    270484   9098136    685432      7.01    308308
04:20:01      1265000   2105504     62.47    529552    270680   9098144    685424      7.01    308332
04:21:01      1284656   2085848     61.89    528828    270772   9098144    685424      7.01    308332
04:22:01      1282020   2088484     61.96    529340    270848   9098152    685416      7.01    308364
04:23:01      1268960   2101544     62.35    528572    270840   9098152    685416      7.01    308336
04:24:01      1286404   2084100     61.83    528988    271036   9098152    685416      7.01    308336
04:25:01      1268548   2101956     62.36    529384    271088   9098152    685416      7.01    308336
04:26:01      1268752   2101752     62.36    528540    270804   9098160    685408      7.01    308360
04:27:01      1255944   2114560     62.74    528968    270880   9098160    685408      7.01    308360
04:28:01      1264724   2105780     62.48    529204    270996   9098168    685400      7.01    308360
04:29:01      1262684   2107820     62.54    529384    271176   9098308    685260      7.00    308368
04:30:01      1241752   2128752     63.16    528532    271476   9098308    685260      7.00    308368
04:31:01      1279676   2090828     62.03    528560    271904   9098308    685260      7.00    308368
04:32:01      1264684   2105820     62.48    528688    272124   9098356    685212      7.00    308376
04:33:01      1264012   2106492     62.50    528892    272204   9098356    685212      7.00    308376
04:34:01      1248540   2121964     62.96    527596    282464   9099964    683604      6.99    308400
04:35:01      1233388   2137116     63.41    528264    282772   9099984    683584      6.99    308392
04:36:01      1228532   2141972     63.55    527332    282840   9099984    683584      6.99    308392
04:37:01      1234896   2135608     63.36    527524    282928   9099984    683584      6.99    308392
04:38:01      1230000   2140504     63.51    527708    283040   9099992    683576      6.99    308404
04:39:01      1224416   2146088     63.67    527992    283256   9099992    683576      6.99    308404
04:40:01      1222032   2148472     63.74    528248    283348   9099992    683576      6.99    308420
04:41:01      1253368   2117136     62.81    528464    283412   9099992    683576      6.99    308420
04:42:01      1239056   2131448     63.24    528688    283476   9099992    683576      6.99    308420
04:43:01      1245808   2124696     63.04    527700    277352   9099992    683576      6.99    308448
04:44:01      1239516   2130988     63.22    527928    277440   9099992    683576      6.99    308448
04:45:01      1205156   2165348     64.24    527896    277960   9099992    683576      6.99    308448
04:46:01      1245052   2125452     63.06    528036    278032   9099992    683576      6.99    308448
04:47:01      1235264   2135240     63.35    528304    278204   9099992    683576      6.99    308448
04:48:01      1235168   2135336     63.35    527624    278480   9100044    683524      6.99    308436
04:49:01      1235936   2134568     63.33    527768    278536   9100044    683524      6.99    308436
04:50:01      1230604   2139900     63.49    528112    278664   9100044    683524      6.99    308436
04:51:01      1248548   2121956     62.96    528244    278680   9100044    683524      6.99    308468
04:52:01      1245692   2124812     63.04    528480    279100   9100124    683444      6.99    308424
04:53:01      1227596   2142908     63.58    528148    279568   9100124    683444      6.99    308420
04:54:01      1191452   2179052     64.65    528396    279792   9100164    683404      6.99    308436
04:55:01      1245804   2124700     63.04    527456    279908   9100244    683324      6.98    308416
05:05:01      1256516   2113988     62.72    528000    280296   9100264    683304      6.98    308424
05:06:01      1267172   2103332     62.40    528200    280328   9100264    683304      6.98    308424
05:07:01      1263948   2106556     62.50    528392    280356   9100264    683304      6.98    308436
05:08:01      1258996   2111508     62.65    528564    280380   9100264    683304      6.98    308436
05:09:01      1246352   2124152     63.02    527604    280516   9100280    683288      6.98    308452
05:10:01      1251144   2119360     62.88    527756    280540   9100280    683288      6.98    308484
05:11:01      1274556   2095948     62.19    527860    280580   9100280    683288      6.98    308484
05:12:01      1259692   2110812     62.63    528028    280600   9100280    683288      6.98    308484
05:13:01      1266264   2104240     62.43    528192    280640   9100280    683288      6.98    308524
05:14:01      1261940   2108564     62.56    528324    280668   9100280    683288      6.98    308524
05:15:01      1242108   2128396     63.15    528460    280648   9100280    683288      6.98    308556
05:16:01      1251280   2119224     62.88    527548    280720   9100280    683288      6.98    308556
05:17:01      1248252   2122252     62.97    527700    280780   9100280    683288      6.98    308556
05:18:01      1247052   2123452     63.00    527956    280796   9100280    683288      6.98    308556
05:19:01      1250540   2119964     62.90    528116    280836   9100280    683288      6.98    308556
05:20:01      1250496   2120008     62.90    528248    280864   9100280    683288      6.98    308556
05:21:01      1232420   2138084     63.44    528416    280856   9100280    683288      6.98    308588
05:22:01      1267964   2102540     62.38    528064    281204   9100280    683288      6.98    308588
05:23:01      1292672   2077832     61.65    528220    281244   9100280    683288      6.98    308588
05:24:01      1265568   2104936     62.45    528272    281280   9100280    683288      6.98    308588
05:25:01      1281164   2089340     61.99    528304    281328   9100280    683288      6.98    308620
05:26:01      1289308   2081196     61.75    528328    281356   9100280    683288      6.98    308620
05:27:01      1273272   2097232     62.22    528472    281372   9100280    683288      6.98    308620
05:28:01      1283972   2086532     61.91    528620    281396   9100280    683288      6.98    308620
05:29:01      1268152   2102352     62.38    527872    281580   9100280    683288      6.98    308620
05:30:01      1260076   2110428     62.61    528012    281604   9100280    683288      6.98    308620
05:31:01      1276044   2094460     62.14    528080    281628   9100280    683288      6.98    308620
05:32:01      1282036   2088468     61.96    528224    281664   9100280    683288      6.98    308620
05:33:01      1265156   2105348     62.46    528440    281744   9100280    683288      6.98    308620
05:34:01      1261532   2108972     62.57    527332    281768   9100280    683288      6.98    308624
05:35:01      1250328   2120176     62.90    528132    282176   9100280    683288      6.98    308624
05:36:01      1253576   2116928     62.81    528192    282192   9100280    683288      6.98    308624
05:37:01      1277292   2093212     62.10    528216    282220   9100280    683288      6.98    308656
05:38:01      1277796   2092708     62.09    528232    282236   9100280    683288      6.98    308656
05:39:01      1273968   2096536     62.20    527188    282356   9100300    683268      6.98    308668
05:40:01      1270636   2099868     62.30    527204    282412   9100300    683268      6.98    308668
05:41:01      1276332   2094172     62.13    527220    282432   9100300    683268      6.98    308668
05:42:01      1249216   2121288     62.94    527464    282568   9100300    683268      6.98    308668
05:43:01      1260812   2109692     62.59    527668    282752   9100300    683268      6.98    308668
05:44:01      1260712   2109792     62.60    527696    282772   9100300    683268      6.98    308668
05:45:01      1231672   2138832     63.46    527712    282784   9100300    683268      6.98    308668
05:46:01      1266500   2104004     62.42    527740    282808   9100300    683268      6.98    308668
05:47:01      1266152   2104352     62.43    527776    282836   9100300    683268      6.98    308668
05:48:01      1260804   2109700     62.59    527804    282840   9100300    683268      6.98    308668
05:49:01      1252652   2117852     62.83    527868    282872   9100300    683268      6.98    308672
05:50:01      1244204   2126300     63.09    527908    282908   9100300    683268      6.98    308672
05:51:01      1268212   2102292     62.37    527932    282924   9100300    683268      6.98    308672
05:52:01      1289224   2081280     61.75    528056    282940   9100300    683268      6.98    308672
05:53:01      1280616   2089888     62.01    528180    283024   9100300    683268      6.98    308672
05:54:01      1268276   2102228     62.37    528300    283040   9100300    683268      6.98    308672
05:55:01      1281120   2089384     61.99    528500    283072   9100300    683268      6.98    308672
06:05:01      1268996   2101508     62.35    527492    283852   9100336    683232      6.98    308692
06:06:01      1266408   2104096     62.43    527564    284920   9100336    683232      6.98    308692
06:07:01      1275116   2095388     62.17    530564    287296   9100256    683312      6.98    307672
06:08:01      1269296   2101208     62.34    530640    287308   9100256    683312      6.98    307672
06:09:01      1269380   2101124     62.34    530664    287320   9100256    683312      6.98    307672
06:10:01      1257012   2113492     62.71    530728    287368   9100256    683312      6.98    307672
06:11:01      1278680   2091824     62.06    530748    287380   9100256    683312      6.98    307672
06:12:01      1276348   2094156     62.13    530776    287404   9100256    683312      6.98    307672
06:13:01      1275588   2094916     62.15    530796    287432   9100256    683312      6.98    307672
06:14:01      1266800   2103704     62.42    530872    287464   9100256    683312      6.98    307672
06:15:01      1240372   2130132     63.20    531056    287624   9100284    683284      6.98    307672
06:16:01      1253580   2116924     62.81    529940    287652   9100284    683284      6.98    307672
06:17:01      1251000   2119504     62.88    529960    287680   9100284    683284      6.98    307672
06:18:01      1248808   2121696     62.95    530016    287696   9100284    683284      6.98    307672
06:19:01      1253432   2117072     62.81    530132    287720   9100284    683284      6.98    307672
06:20:01      1253060   2117444     62.82    530244    287744   9100284    683284      6.98    307672
06:21:01      1213572   2156932     63.99    530388    287784   9100284    683284      6.98    307672
06:22:01      1236304   2134200     63.32    530536    287828   9100296    683272      6.98    307660
06:23:01      1235932   2134572     63.33    530656    287856   9100296    683272      6.98    307660
06:24:01      1223764   2146740     63.69    530788    287872   9100296    683272      6.98    307660
06:25:01      1230524   2139980     63.49    530972    287956   9100296    683272      6.98    307660
06:26:01      1248476   2122028     62.96    513164    292516   9100296    683272      6.98    307304
06:27:01      1249140   2121364     62.94    507676    286268   9100296    683272      6.98    307296
06:28:01      1222896   2147608     63.72    509280    285116   9100248    683320      6.98    307244
06:29:01      1222940   2147564     63.72    515468    278172   9099676    683892      6.99    307816
06:30:01      1228000   2142504     63.57    517992    270736   9099676    683892      6.99    307816
06:31:01      1232596   2137908     63.43    518092    262688   9099676    683892      6.99    307768
06:32:01      1237660   2132844     63.28    509200    256936   9099644    683924      6.99    307800
06:33:01      1232516   2137988     63.43    509616    256320   9098384    685184      7.00    309060
06:34:01      1232548   2137956     63.43    476468    251148   9098008    685560      7.01    308864
06:35:01      1212540   2157964     64.02    489820    270044   9097880    685688      7.01    307232
06:36:01      1227824   2142680     63.57    494240    270740   9097880    685688      7.01    307180
06:37:01      1270580   2099924     62.30    493380    254784   9097888    685680      7.01    307204
06:38:01      1276180   2094324     62.14    493604    254932   9097888    685680      7.01    307232
06:39:01      1257328   2113176     62.70    494172    255276   9097888    685680      7.01    307272
06:40:01      1265148   2105356     62.46    494324    255300   9097888    685680      7.01    307272
06:41:01      1272792   2097712     62.24    493384    255500   9097888    685680      7.01    307272
06:42:01      1242572   2127932     63.13    493720    255640   9097888    685680      7.01    307272
06:43:01      1262696   2107808     62.54    494520    256036   9098084    685484      7.01    307372
06:44:01      1257940   2112564     62.68    494680    256144   9098084    685484      7.01    307372
06:45:01      1231192   2139312     63.47    494792    256148   9098084    685484      7.01    307376
06:46:01      1275236   2095268     62.16    494980    256184   9098084    685484      7.01    307376
06:47:01      1234712   2135792     63.37    494160    289636   9099692    683876      6.99    307332
06:48:01      1220088   2150416     63.80    494292    289620   9099692    683876      6.99    307332
06:49:01      1225088   2145416     63.65    494396    289660   9099692    683876      6.99    307364
06:50:01      1231704   2138800     63.46    493812    289892   9099692    683876      6.99    307364
06:51:01      1221836   2148668     63.75    493956    289868   9099692    683876      6.99    307364
06:52:01      1252680   2117824     62.83    494200    290144   9099728    683840      6.99    307408
06:53:01      1250664   2119840     62.89    494440    290928   9099836    683732      6.99    307360
06:54:01      1216888   2153616     63.90    494644    291364   9099836    683732      6.99    307360
06:55:01      1232896   2137608     63.42    493668    291600   9099836    683732      6.99    307360
07:05:01      1239568   2130936     63.22    494308    292328   9099836    683732      6.99    307364
07:06:01      1252468   2118036     62.84    494568    292776   9099836    683732      6.99    307364
07:07:01      1238336   2132168     63.26    494240    293060   9099836    683732      6.99    307368
07:08:01      1237568   2132936     63.28    494360    293080   9099836    683732      6.99    307368
07:09:01      1215676   2154828     63.93    494604    293204   9099836    683732      6.99    307368
07:10:01      1247044   2123460     63.00    494752    293228   9099836    683732      6.99    307368
07:11:01      1271456   2099048     62.28    494864    293240   9099836    683732      6.99    307368
07:12:01      1262108   2108396     62.55    494984    293264   9099836    683732      6.99    307368
07:13:01      1263652   2106852     62.51    495120    293292   9099836    683732      6.99    307372
07:14:01      1252948   2117556     62.83    494812    293692   9099836    683732      6.99    307372
07:15:01      1233596   2136908     63.40    493844    293508   9099836    683732      6.99    307932
07:16:01      1249652   2120852     62.92    494044    293756   9099836    683732      6.99    307948
07:17:01      1240136   2130368     63.21    494332    293968   9099836    683732      6.99    307972
07:18:01      1217468   2153036     63.88    494464    293964   9099836    683732      6.99    307972
07:19:01      1242832   2127672     63.13    494876    294152   9099836    683732      6.99    307972
07:20:01      1232868   2137636     63.42    493892    294232   9099836    683732      6.99    307972
07:21:01      1248148   2122356     62.97    494064    294228   9099836    683732      6.99    307972
07:22:02      1258196   2112308     62.67    494164    294276   9099836    683732      6.99    307972
07:23:01      1257188   2113316     62.70    494264    294288   9099836    683732      6.99    307972
07:24:01      1252328   2118176     62.84    494512    294432   9099836    683732      6.99    307972
07:25:01      1248640   2121864     62.95    494692    294480   9099872    683696      6.99    307968
07:26:01      1277352   2093152     62.10    494828    294496   9099872    683696      6.99    307968
07:27:01      1263488   2107016     62.51    494944    294512   9099872    683696      6.99    307968
07:28:01      1253328   2117176     62.81    493932    294640   9099872    683696      6.99    307992
07:29:01      1243440   2127064     63.11    494084    294728   9099872    683696      6.99    307992
07:30:01      1243328   2127176     63.11    494172    294732   9099872    683696      6.99    307992
07:31:01      1258076   2112428     62.67    494452    295272   9099872    683696      6.99    307996
07:32:01      1256124   2114380     62.73    494540    295292   9099872    683696      6.99    307996
07:33:01      1247932   2122572     62.97    494032    295556   9099872    683696      6.99    307996
07:34:01      1236908   2133596     63.30    494208    295584   9099872    683696      6.99    308048
07:35:01      1236048   2134456     63.33    494388    295584   9099872    683696      6.99    308048
07:36:01      1252224   2118280     62.85    494600    295608   9099872    683696      6.99    308048
07:37:01      1261200   2109304     62.58    494828    295636   9099872    683696      6.99    308048
07:38:01      1261108   2109396     62.58    495036    295660   9099872    683696      6.99    308048
07:39:01      1235888   2134616     63.33    495192    295668   9099872    683696      6.99    308048
07:40:01      1242200   2128304     63.14    494184    295688   9099872    683696      6.99    308076
07:41:01      1255776   2114728     62.74    494388    295764   9099916    683652      6.99    308060
07:42:01      1224752   2145752     63.66    494508    295748   9099916    683652      6.99    308064
07:43:01      1247656   2122848     62.98    494608    295740   9099916    683652      6.99    308128
07:44:01      1245572   2124932     63.04    494888    296620   9100456    683112      6.98    308108
07:45:01      1228676   2141828     63.55    495020    296572   9100456    683112      6.98    308132
07:46:01      1243380   2127124     63.11    494032    296712   9100456    683112      6.98    308132
07:47:01      1238740   2131764     63.25    494172    296756   9100456    683112      6.98    308132
07:48:01      1201812   2168692     64.34    494496    296920   9100516    683052      6.98    308212
07:49:01      1229964   2140540     63.51    494604    296956   9100516    683052      6.98    308212
07:50:01      1225132   2145372     63.65    494896    297132   9100524    683044      6.98    308204
07:51:01      1228152   2142352     63.56    493776    297164   9100524    683044      6.98    308208
07:52:01      1239736   2130768     63.22    493912    297228   9100556    683012      6.98    308212
07:53:01      1232644   2137860     63.43    494004    297240   9100556    683012      6.98    308212
07:54:01      1217512   2152992     63.88    494316    297384   9100556    683012      6.98    308212
07:55:01      1229192   2141312     63.53    494480    297420   9100556    683012      6.98    308232
08:05:01      1234184   2136320     63.38    494696    298504   9100556    683012      6.98    308340
08:06:01      1232548   2137956     63.43    494820    298496   9100556    683012      6.98    308372
08:07:01      1256172   2114332     62.73    494940    298548   9100556    683012      6.98    308372
08:08:01      1255544   2114960     62.75    495028    298560   9100556    683012      6.98    308372
08:09:01      1255544   2114960     62.75    495128    298572   9100556    683012      6.98    308372
08:10:01      1252792   2117712     62.83    494112    298592   9100556    683012      6.98    308372
08:11:01      1260472   2110032     62.60    494196    298612   9100556    683012      6.98    308372
08:12:01      1223820   2146684     63.69    494308    298564   9100556    683012      6.98    308404
08:13:01      1237724   2132780     63.28    494624    298784   9100556    683012      6.98    308404
08:14:01      1237452   2133052     63.29    494720    298796   9100556    683012      6.98    308404
08:15:01      1231492   2139012     63.46    494816    298812   9100556    683012      6.98    308404
08:16:01      1246580   2123924     63.02    493896    298856   9100556    683012      6.98    308404
08:17:01      1243104   2127400     63.12    494084    298976   9100556    683012      6.98    308404
08:18:02      1224488   2146016     63.67    494240    298972   9100556    683012      6.98    308404
08:19:01      1245788   2124716     63.04    494336    299012   9100556    683012      6.98    308404
08:20:01      1250108   2120396     62.91    494580    299148   9100556    683012      6.98    308404
08:21:01      1252936   2117568     62.83    494704    299172   9100556    683012      6.98    308404
08:22:01      1245180   2125324     63.06    494836    299188   9100556    683012      6.98    308464
08:23:01      1245164   2125340     63.06    494916    299208   9100556    683012      6.98    308464
08:24:01      1244908   2125596     63.06    495044    299248   9100564    683004      6.98    308456
08:25:01      1246388   2124116     63.02    494044    299264   9100564    683004      6.98    308456
08:26:01      1249248   2121256     62.94    494304    299324   9100564    683004      6.98    308456
08:27:01      1233036   2137468     63.42    494484    304588   9100564    683004      6.98    308456
08:28:01      1226684   2143820     63.61    494712    312744   9100564    683004      6.98    308456
08:29:01      1233824   2136680     63.39    494832    327728   9100564    683004      6.98    308456
08:30:01      1193664   2176840     64.58    493692    342732   9100564    683004      6.98    308456
08:31:01      1196344   2174160     64.51    493860    357736   9100564    683004      6.98    308468
08:32:01      1167764   2202740     65.35    494076    372820   9100564    683004      6.98    308468
08:33:01      1141712   2228792     66.13    494200    387808   9100564    683004      6.98    308468
08:34:01      1134160   2236344     66.35    493784    402936   9100564    683004      6.98    308468
08:35:01      1117028   2253476     66.86    493916    418008   9100564    683004      6.98    308468
08:36:01      1106132   2264372     67.18    494084    432996   9100564    683004      6.98    308468
08:37:01      1098528   2271976     67.41    494252    448024   9100584    682984      6.98    308456
08:38:01      1083432   2287072     67.86    494364    463012   9100584    682984      6.98    308456
08:39:01      1107488   2263016     67.14    495008    478916   9100632    682936      6.98    308448
08:40:01      1093908   2276596     67.54    493984    493800   9100632    682936      6.98    308448
08:41:01      1079936   2290568     67.96    494344    509072   9100632    682936      6.98    308448
08:42:01      1057068   2313436     68.64    494548    524060   9100632    682936      6.98    308448
08:43:01      1033540   2336964     69.34    493680    539300   9100632    682936      6.98    308448
08:44:01      1007652   2362852     70.10    493816    554296   9100632    682936      6.98    308448
08:45:01       984232   2386272     70.80    494044    569096   9100632    682936      6.98    308448
08:46:01      1009988   2360516     70.03    494252    584112   9100632    682936      6.98    308448
08:47:01       995028   2375476     70.48    494380    599108   9100632    682936      6.98    308448
08:48:01       980080   2390424     70.92    494496    614080   9100632    682936      6.98    308448
08:49:01       952876   2417628     71.73    493948    629316   9100640    682928      6.98    308440
08:50:01       933096   2437408     72.32    494064    644192   9100640    682928      6.98    308440
08:51:01       928224   2442280     72.46    494196    659180   9100640    682928      6.98    308440
08:52:01       906688   2463816     73.10    493724    674452   9100640    682928      6.98    308440
08:53:01       882308   2488196     73.82    494012    689564   9100640    682928      6.98    308440
08:54:01       856988   2513516     74.57    494240    704688   9100640    682928      6.98    308440
08:55:01       825036   2545468     75.52    494776    719696   9100640    682928      6.98    308468
09:05:01       639668   2730836     81.02    494412    871340   9100640    682928      6.98    308500
09:06:01       605408   2765096     82.04    493624    886728   9100640    682928      6.98    308500
09:07:01       623620   2746884     81.50    493972    901916   9100640    682928      6.98    308500
09:08:01       608548   2761956     81.94    494228    916908   9100640    682928      6.98    308500
09:09:01       582596   2787908     82.71    494396    931912   9100640    682928      6.98    308500
09:10:01       591704   2778800     82.44    494280    942280   9100640    682928      6.98    308500
09:11:01       595984   2774520     82.32    493276    955884   9100640    682928      6.98    308500
09:12:01       575700   2794804     82.92    493604    971108   9100640    682928      6.98    308500
09:13:01       564656   2805848     83.25    493768    986504   9100640    682928      6.98    308500
09:14:01       549792   2820712     83.69    493872   1001536   9100640    682928      6.98    308500
09:15:01       525908   2844596     84.40    493988   1016616   9100640    682928      6.98    308500
09:16:01       517684   2852820     84.64    493656   1035780   9101044    682524      6.98    308648
09:17:01       516192   2854312     84.69    493808   1051212   9101044    682524      6.98    308648
09:18:01       485768   2884736     85.59    493960   1064304   9101044    682524      6.98    308648
09:19:01       463296   2907208     86.25    493208   1080440   9101056    682512      6.98    308636
09:20:01       416032   2954472     87.66    493452   1095348   9101184    682384      6.97    308680
09:21:01       386236   2984268     88.54    493648   1110444   9101216    682352      6.97    308664
09:22:01       395768   2974736     88.26    493892   1125580   9101272    682296      6.97    308672
09:23:01       376464   2994040     88.83    494044   1140608   9101272    682296      6.97    308672
09:24:01       336428   3034076     90.02    494172   1155584   9101272    682296      6.97    308672
09:25:01       339840   3030664     89.92    493180   1170604   9101272    682296      6.97    308672
09:26:01       343940   3026564     89.80    493452   1186648   9101272    682296      6.97    308672
09:27:01       310920   3059584     90.78    493664   1201776   9101284    682284      6.97    308660
09:28:01       342700   3027804     89.83    493808   1217032   9101284    682284      6.97    308660
09:29:01       303468   3067036     91.00    493332   1232292   9101336    682232      6.97    308696
09:30:01       258352   3112152     92.33    493512   1246364   9101336    682232      6.97    308696
09:31:01       267396   3103108     92.07    493496   1262676   9102388    681180      6.96    308676
09:32:01       248296   3122208     92.63    494664   1279012   9103504    680064      6.95    308672
09:33:01       255456   3115048     92.42    493988   1294788   9103504    680064      6.95    308672
09:34:01       223072   3147432     93.38    494168   1309640   9103504    680064      6.95    308672
09:35:01       182196   3188308     94.59    494440   1324852   9103504    680064      6.95    308672
09:36:01       175372   3195132     94.80    493488   1340308   9103668    679900      6.95    308672
09:37:01       149192   3221312     95.57    493704   1355368   9103668    679900      6.95    308672
09:38:01       144460   3226044     95.71    493984   1370872   9103684    679884      6.95    308672
09:39:01        94828   3275676     97.19    493268   1385992   9103684    679884      6.95    308672
09:40:01        80024   3290480     97.63    493728   1400768   9103684    679884      6.95    308672
09:41:01        57704   3312800     98.29    492780   1413448   9103684    679884      6.95    308672
09:42:01        62412   3308092     98.15    493328   1428160   9103684    679884      6.95    308672
09:43:01        47980   3322524     98.58    493556   1442308   9103836    679732      6.95    308724
09:44:01        24508   3345996     99.27    493884   1457484   9103836    679732      6.95    308724
09:45:01       116284   3254220     96.55    489024   1457092   9102900    680668      6.96    309308
09:46:01       103968   3266536     96.92    479976   1444952   9102900    680668      6.96    309308
09:47:01        60440   3310064     98.21    480160   1460272   9102900    680668      6.96    309308
09:48:01        45184   3325320     98.66    470880   1446892   9102940    680628      6.96    309312
09:49:01        56280   3314224     98.33    470996   1460912   9102956    680612      6.96    309296
09:50:01        42224   3328280     98.75    471112   1475048   9102956    680612      6.96    309296
09:51:01        54276   3316228     98.39    454852   1462048   9092296    691272      7.07    314944
09:52:01        66076   3304428     98.04    443988   1455852   9092324    691244      7.07    314908
09:53:01        70964   3299540     97.89    438736   1455564   9092360    691208      7.06    314872
09:54:01        77732   3292772     97.69    432044   1451292   9092396    691172      7.06    314836
09:55:01       100156   3270348     97.03    421076   1435080   9092432    691136      7.06    314820
10:05:01       148248   3222256     95.60    385536   1473172   9092788    690780      7.06    314860
10:06:01       125812   3244692     96.27    386568   1487192   9092816    690752      7.06    314832
10:07:01       145028   3225476     95.70    383980   1492624   9092840    690728      7.06    314848
10:08:01       125340   3245164     96.28    384088   1506728   9092840    690728      7.06    314848
10:09:01       122500   3248004     96.37    378928   1504844   9092840    690728      7.06    314880
10:10:01       127428   3243076     96.22    376500   1510540   9092840    690728      7.06    314880
10:11:01       130676   3239828     96.12    372756   1514208   9092840    690728      7.06    314880
10:12:01       131916   3238588     96.09    369044   1517612   9092840    690728      7.06    314880
10:13:01       160568   3209936     95.24    356556   1493856   9092840    690728      7.06    314880
10:14:01       166688   3203816     95.05    356716   1508880   9092840    690728      7.06    314880
10:15:01       127584   3242920     96.21    355900   1521220   9092840    690728      7.06    314880
10:16:01       134284   3236220     96.02    345524   1504308   9092840    690728      7.06    314880
10:17:01       122940   3247564     96.35    343104   1511616   9092840    690728      7.06    314880
10:18:01       122120   3248384     96.38    336820   1507492   9092840    690728      7.06    314880
10:19:01       143336   3227168     95.75    330828   1504236   9092840    690728      7.06    314912
10:20:01       128460   3242044     96.19    330924   1519228   9092840    690728      7.06    314912
10:21:01       154200   3216304     95.43    328520   1526680   9092840    690728      7.06    314936
10:22:01       135220   3235284     95.99    328612   1541800   9092840    690728      7.06    314936
10:23:02       120160   3250344     96.43    328736   1556928   9092840    690728      7.06    314936
10:24:01       121104   3249400     96.41    321656   1548960   9092840    690728      7.06    314936
10:25:01       139328   3231176     95.87    312828   1536856   9092840    690728      7.06    314936
10:26:01       166212   3204292     95.07    313040   1552172   9092872    690696      7.06    314936
10:27:01       147424   3223080     95.63    316248   1567180   9092872    690696      7.06    314936
10:28:01       132008   3238496     96.08    313984   1574816   9092880    690688      7.06    314928
10:29:01       120248   3250256     96.43    312804   1585256   9092880    690688      7.06    314928
10:30:01       139188   3231316     95.87    305280   1577196   9092880    690688      7.06    314928
10:31:01       137832   3232672     95.91    301916   1580128   9092880    690688      7.06    314956
10:32:01       121276   3249228     96.40    300796   1591060   9092880    690688      7.06    314956
10:33:01       136584   3233920     95.95    295176   1590104   9094020    689548      7.05    315036
10:34:01       180872   3189632     94.63    290236   1589680   9094140    689428      7.05    315000
10:35:01       164916   3205588     95.11    290424   1605464   9094196    689372      7.05    315008
10:36:01       166160   3204344     95.07    275764   1575916   9094344    689224      7.04    314988
10:37:01       133940   3236564     96.03    277464   1596948   9095020    688548      7.04    314620
10:38:01       120552   3249952     96.42    274772   1603264   9095020    688548      7.04    314620
10:39:01       176900   3193604     94.75    250084   1543656   9095020    688548      7.04    314764
10:40:01       159216   3211288     95.28    250232   1556856   9095020    688548      7.04    314764
10:41:01       185284   3185220     94.50    250364   1570824   9095020    688548      7.04    314764
10:42:01       176388   3194116     94.77    250520   1585856   9095028    688540      7.04    314756
10:43:01       173944   3196560     94.84    244524   1581176   9095028    688540      7.04    314756
10:44:01       188792   3181712     94.40    244680   1595496   9095028    688540      7.04    314756
10:45:01       157120   3213384     95.34    244868   1610124   9095028    688540      7.04    314756
10:46:01       130836   3239668     96.12    245624   1624820   9095132    688436      7.04    314680
10:47:01       136996   3233508     95.94    244460   1634712   9095132    688436      7.04    314680
10:48:01       121756   3248748     96.39    240792   1637320   9095160    688408      7.04    314680
10:49:01       119840   3250664     96.44    231804   1624392   9095188    688380      7.04    314708
10:50:01       128732   3241772     96.18    228336   1627676   9095188    688380      7.04    314708
10:51:01       121512   3248992     96.39    225904   1635052   9095200    688368      7.04    314696
10:52:01       133924   3236580     96.03    220080   1629368   9095200    688368      7.04    314696
10:53:01       120792   3249712     96.42    218920   1639460   9095200    688368      7.04    314696
10:54:01       162676   3207828     95.17    217768   1649680   9095228    688340      7.04    314696
10:55:01       153764   3216740     95.44    217948   1663376   9095228    688340      7.04    314696
11:05:01       137872   3232632     95.91    178832   1688684   9096248    687320      7.03    314432
11:06:01       137192   3233312     95.93    178916   1702496   9096248    687320      7.03    314432
11:07:01       144304   3226200     95.72    177728   1711980   9096248    687320      7.03    314432
11:08:01       122980   3247524     96.35    172940   1710740   9096248    687320      7.03    314432
11:09:01       118496   3252008     96.48    164104   1698448   9096248    687320      7.03    314432
11:10:01       159608   3210896     95.26    161676   1703920   9096248    687320      7.03    314432
11:11:01       162764   3207740     95.17    155404   1698488   9096248    687320      7.03    314432
11:12:01       159036   3211468     95.28    151832   1701104   9096288    687280      7.02    314432
11:13:01       147464   3223040     95.62    151944   1715708   9096304    687264      7.02    314416
11:14:02       152396   3218108     95.48    144204   1706664   9096304    687264      7.02    314416
11:15:01       164776   3205728     95.11    127736   1671640   9096304    687264      7.02    314416
11:16:01       208620   3161884     93.81    128056   1686776   9096320    687248      7.02    314416
11:17:01       190812   3179692     94.34    128204   1701912   9096320    687248      7.02    314416
11:18:01       193968   3176536     94.25    128560   1717236   9096320    687248      7.02    314416
11:19:01       158416   3212088     95.30    129144   1732700   9096360    687208      7.02    314440
11:20:01       157396   3213108     95.33    129284   1747600   9096360    687208      7.02    314440
11:21:01       128624   3241880     96.18    129412   1762748   9096360    687208      7.02    314440
11:22:01       140552   3229952     95.83    123168   1758752   9096360    687208      7.02    314472
11:23:01       120580   3249924     96.42    123856   1774036   9096360    687208      7.02    314472
11:24:01       120576   3249928     96.42    111188   1750720   9096360    687208      7.02    314472
11:25:01       138460   3232044     95.89    108500   1757272   9096360    687208      7.02    314496
11:26:01       172008   3198496     94.90    103240   1743488   9096360    687208      7.02    314496
11:27:01       142156   3228348     95.78    103364   1758440   9096360    687208      7.02    314496
11:28:01       184856   3185648     94.52    101040   1734560   9096360    687208      7.02    314560
11:29:01       180300   3190204     94.65    101188   1749588   9096360    687208      7.02    314560
11:30:01       142296   3228208     95.78    101340   1764492   9096360    687208      7.02    314560
11:31:01       169796   3200708     94.96    101484   1774520   9096368    687200      7.02    314552
11:32:01       171060   3199444     94.92    101648   1791608   9096436    687132      7.02    314484
11:33:01       193640   3176864     94.25    101784   1806748   9096464    687104      7.02    314456
11:34:01       196696   3173808     94.16    101928   1821976   9096464    687104      7.02    314456
11:35:01       120988   3249516     96.41    102080   1836948   9096464    687104      7.02    314456
11:36:01       176992   3193512     94.75     93968   1766956   9096132    687436      7.03    313920
11:37:01       203636   3166868     93.96     94148   1782232   9096160    687408      7.03    313920
11:38:01       158568   3211936     95.30     94256   1797072   9096192    687376      7.03    313888
11:39:01       136968   3233536     95.94     94444   1812260   9096220    687348      7.03    313860
11:40:01       124240   3246264     96.31     94504   1818040   9096220    687348      7.03    313860
11:41:01       140044   3230460     95.85     94100   1797436   9096220    687348      7.03    313860
11:42:01       172800   3197704     94.87     89548   1727720   9074036    709532      7.25    334448
11:43:01       155248   3215256     95.39     89724   1744592   9074036    709532      7.25    334448
11:44:01       203288   3167216     93.97     87732   1728988   9073912    709656      7.25    326744
11:45:01       167028   3203476     95.04     87868   1744376   9073912    709656      7.25    326744
11:46:01       161172   3209332     95.22     88076   1759088   9073912    709656      7.25    326744
11:47:01       146208   3224296     95.66     88196   1774308   9073912    709656      7.25    326744
11:48:01       162004   3208500     95.19     85768   1731084   9073288    710280      7.26    327356
11:49:01       195192   3175312     94.21     85956   1746544   9073288    710280      7.26    327356
11:50:01       171692   3198812     94.91     86912   1762208   9073288    710280      7.26    327356
11:51:01       131712   3238792     96.09     87076   1777264   9073288    710280      7.26    327356
11:52:01       136292   3234212     95.96     87200   1792104   9073288    710280      7.26    327388
11:53:01       119480   3251024     96.46     87380   1807360   9073376    710192      7.26    327404
11:54:01       127108   3243396     96.23     85320   1784244   9073500    710068      7.26    327424
11:55:01       198412   3172092     94.11     80680   1774976   9073528    710040      7.26    327396
12:05:01       124948   3245556     96.29     71288   1821208   9074056    709512      7.25    327452
12:06:01       120060   3250444     96.44     69412   1815064   9074056    709512      7.25    327452
12:07:01       144436   3226068     95.71     69244   1803088   9074048    709520      7.25    327468
12:08:01       138564   3231940     95.89     67472   1805052   9074076    709492      7.25    327468
12:09:01       118984   3251520     96.47     67500   1800660   9074076    709492      7.25    327468
12:10:01       191472   3179032     94.32     66028   1786072   9074076    709492      7.25    327468
12:11:01       195784   3174720     94.19     66188   1801248   9074168    709400      7.25    327404
12:12:01       141496   3229008     95.80     66452   1816444   9074204    709364      7.25    327368
12:13:01       138516   3231988     95.89     66608   1831480   9074204    709364      7.25    327368
12:14:01       122532   3247972     96.36     66736   1846480   9074204    709364      7.25    327368
12:15:01       173640   3196864     94.85     64824   1792572   9074204    709364      7.25    327368
12:16:01       144868   3225636     95.70     65044   1807104   9074204    709364      7.25    327368
12:17:01       166708   3203796     95.05     60296   1772336   9074204    709364      7.25    327368
12:18:01       154136   3216368     95.43     60468   1786180   9074212    709356      7.25    327376
12:19:01       145168   3225336     95.69     60584   1800456   9074212    709356      7.25    327376
12:20:01       125088   3245416     96.29     60704   1814448   9074212    709356      7.25    327376
12:21:01       122240   3248264     96.37     60228   1783880   9074212    709356      7.25    327376
12:22:02       145364   3225140     95.69     59424   1768240   9074212    709356      7.25    327376
12:23:01       127192   3243312     96.23     59564   1781552   9074212    709356      7.25    327376
12:24:01       123208   3247296     96.34     59444   1785232   9074212    709356      7.25    327376
12:25:01       145480   3225024     95.68     59772   1755964   9074280    709288      7.25    327356
12:26:01       157756   3212748     95.32     59912   1770964   9074280    709288      7.25    327356
12:27:01       135888   3234616     95.97     60032   1785832   9074280    709288      7.25    327356
12:28:01       251256   3119248     92.55     54904   1750896   9074300    709268      7.25    327364
12:29:01       229008   3141496     93.21     55108   1765540   9074300    709268      7.25    327364
12:30:01       201328   3169176     94.03     55252   1780512   9074300    709268      7.25    327364
12:31:01       229464   3141040     93.19     55380   1795868   9074300    709268      7.25    327364
12:32:01       194272   3176232     94.24     55556   1811332   9074336    709232      7.25    327328
12:33:01       161132   3209372     95.22     55700   1826556   9074368    709200      7.25    327296
12:34:01       177168   3193336     94.74     56308   1841584   9074384    709184      7.25    327316
12:35:01       138160   3232344     95.90     56664   1856908   9074384    709184      7.25    327316
12:36:01       136120   3234384     95.96     55024   1828080   9074344    709224      7.25    327356
12:37:01       131988   3238516     96.08     55180   1843112   9074344    709224      7.25    327356
12:38:01       121896   3248608     96.38     55304   1852904   9074344    709224      7.25    327356
12:39:01       134640   3235864     96.01     54308   1833944   9074312    709256      7.25    327388
12:40:01       122692   3247812     96.36     54428   1848860   9074312    709256      7.25    327388
12:41:01       120300   3250204     96.43     54244   1848892   9074312    709256      7.25    327384
12:42:01       118864   3251640     96.47     51784   1830900   9074344    709224      7.25    327396
12:43:01       132760   3237744     96.06     50636   1841828   9074336    709232      7.25    327404
12:44:01       122624   3247880     96.36     50172   1842172   9074336    709232      7.25    327404
12:45:01       122428   3248076     96.37     48556   1838576   9074336    709232      7.25    327404
12:46:01       123120   3247384     96.35     48824   1837480   9074336    709232      7.25    327448
12:47:01       121960   3248544     96.38     48100   1837832   9074336    709232      7.25    327448
12:48:01       122728   3247776     96.36     47124   1829744   9074336    709232      7.25    327448
12:49:01       119032   3251472     96.47     43684   1823900   9074336    709232      7.25    327448
12:50:01       120204   3250300     96.43     43748   1818352   9074364    709204      7.25    327452
12:51:01       123636   3246868     96.33     43892   1828504   9074336    709232      7.25    327404
12:52:01       143980   3226524     95.73     42692   1814652   9074336    709232      7.25    327304
12:53:01       128516   3241988     96.19     42816   1829620   9074336    709232      7.25    327304
12:54:01       127392   3243112     96.22     42976   1839628   9074336    709232      7.25    327304
12:55:01       125196   3245308     96.29     42816   1849920   9074352    709216      7.25    327320
13:05:01       130628   3239876     96.12     35424   1844948   9074372    709196      7.25    327424
13:06:01       147480   3223024     95.62     35088   1809572   9074372    709196      7.25    327424
13:07:01       167308   3203196     95.04     35228   1824468   9074372    709196      7.25    327424
13:08:01       174056   3196448     94.84     34040   1803820   9074476    709092      7.25    327416
13:09:01       155244   3215260     95.39     34152   1818812   9074476    709092      7.25    327416
13:10:01       141668   3228836     95.80     34488   1828832   9074500    709068      7.25    327392
13:11:01       146404   3224100     95.66     34608   1843808   9074500    709068      7.25    327392
13:12:01       190908   3179596     94.34     34732   1809336   9073768    709800      7.26    325812
13:13:01       178136   3192368     94.71     34896   1824352   9073800    709768      7.25    325844
13:14:01       180836   3189668     94.63     35080   1806516   9073252    710316      7.26    325364
13:15:01       166136   3204368     95.07     35204   1821572   9073252    710316      7.26    325364
13:16:01       138076   3232428     95.90     35420   1836592   9073252    710316      7.26    325440
13:17:01       122316   3248188     96.37     35656   1846836   9073252    710316      7.26    325440
13:18:01       171620   3198884     94.91     35240   1813284   9073220    710348      7.26    325472
13:19:01       154024   3216480     95.43     35756   1829548   9073280    710288      7.26    326404
13:20:01       124012   3246492     96.32     36312   1845460   9073404    710164      7.26    326368
13:21:01       119884   3250620     96.44     35808   1831104   9073404    710164      7.26    326412
13:22:01       130604   3239900     96.13     35952   1841020   9073404    710164      7.26    326412
13:23:01       122756   3247748     96.36     35504   1846360   9073120    710448      7.26    326584
13:24:01       119988   3250516     96.44     35644   1840784   9073120    710448      7.26    326584
13:25:01       156676   3213828     95.35     36000   1834120   9071816    711752      7.27    326832
13:26:01       175180   3195324     94.80     36296   1849568   9072028    711540      7.27    326832
13:27:01       127316   3243188     96.22     36512   1866548   9072052    711516      7.27    326860
13:28:01       176992   3193512     94.75     35528   1828208   9072012    711556      7.27    326412
13:29:01       156204   3214300     95.37     35632   1843200   9072012    711556      7.27    326412
13:30:01       168852   3201652     94.99     34292   1818416   9071976    711592      7.27    326440
13:31:01       180752   3189752     94.64     34460   1833548   9071976    711592      7.27    326440
13:32:01       161388   3209116     95.21     34676   1849468   9072008    711560      7.27    326420
13:33:01       141768   3228736     95.79     34824   1859164   9072008    711560      7.27    326476
13:34:01       173252   3197252     94.86     34836   1824628   9072008    711560      7.27    326476
13:35:01       183560   3186944     94.55     35548   1818868   9072016    711552      7.27    326468
13:36:01       132948   3237556     96.06     35688   1833844   9072016    711552      7.27    326468
13:37:01       137680   3232824     95.92     35840   1849012   9072016    711552      7.27    326468
13:38:02       170048   3200456     94.95     35892   1806960   9071840    711728      7.27    326644
13:39:01       154092   3216412     95.43     36100   1822036   9071840    711728      7.27    326644
13:40:01       136008   3234496     95.96     36296   1837040   9071840    711728      7.27    326644
13:41:01       186632   3183872     94.46     34168   1800584   9071072    712496      7.28    326876
13:42:01       192456   3178048     94.29     34400   1816052   9071256    712312      7.28    326904
13:43:01       169424   3201080     94.97     34600   1831520   9071444    712124      7.28    326816
13:44:01       134884   3235620     96.00     34736   1846640   9071444    712124      7.28    326816
13:45:01       171980   3198524     94.90     33320   1802936   9070500    713068      7.29    325104
13:46:01       171036   3199468     94.93     33856   1818616   9070500    713068      7.29    325104
13:47:01       147604   3222900     95.62     33968   1833624   9070500    713068      7.29    325104
13:48:01       176360   3194144     94.77     33096   1822304   9070468    713100      7.29    305176
13:49:01       156700   3213804     95.35     33916   1838696   9070468    713100      7.29    305180
13:50:01       188692   3181812     94.40     34096   1854628   9070496    713072      7.29    305180
13:51:01       163284   3207220     95.16     34212   1869916   9070496    713072      7.29    305180
13:52:01       146080   3224424     95.67     34380   1884976   9070496    713072      7.29    305180
13:53:01       137616   3232888     95.92     34652   1900136   9070496    713072      7.29    305180
13:54:01       151392   3219112     95.51     33148   1856012   9070396    713172      7.29    305180
13:55:01       121104   3249400     96.41     33364   1871236   9070404    713164      7.29    305200
14:05:02       209084   3161420     93.80     33372   1828452   9070388    713180      7.29    304820
14:06:01       169144   3201360     94.98     33508   1843320   9070388    713180      7.29    304820
14:07:01       187284   3183220     94.44     33664   1858360   9070416    713152      7.29    304792
14:08:01       190904   3179600     94.34     34228   1873576   9070452    713116      7.29    304796
14:09:01       154384   3216120     95.42     34348   1888636   9070452    713116      7.29    304796
14:10:01       122580   3247924     96.36     34532   1903752   9070460    713108      7.29    304808
14:11:01       123628   3246876     96.33     34600   1908144   9070460    713108      7.29    304800
14:12:01       123556   3246948     96.33     33680   1886652   9070412    713156      7.29    304816
14:13:01       153292   3217212     95.45     33376   1849868   9070440    713128      7.29    304792
14:14:01       170552   3199952     94.94     33512   1864964   9070468    713100      7.29    304792
14:15:01       185364   3185140     94.50     33452   1851900   9070476    713092      7.29    304772
14:16:01       162236   3208268     95.19     33736   1867016   9070488    713080      7.29    304828
14:17:01       129464   3241040     96.16     33924   1882256   9070508    713060      7.29    304824
14:18:01       120080   3250424     96.44     34028   1887968   9070508    713060      7.29    304824
14:19:01       120464   3250040     96.43     34292   1887748   9070560    713008      7.29    304852
14:20:01       129808   3240696     96.15     34536   1906508   9070620    712948      7.29    304832
14:21:01       120484   3250020     96.43     34060   1877004   9070584    712984      7.29    304812
14:22:01       128624   3241880     96.18     34116   1884320   9070584    712984      7.29    304812
14:23:01       123360   3247144     96.34     33896   1875352   9070548    713020      7.29    304848
14:24:01       157204   3213300     95.34     33816   1875472   9070488    713080      7.29    304908
14:25:01       126344   3244160     96.25     34452   1875380   9070456    713112      7.29    304940
14:26:01       184300   3186204     94.53     34064   1836228   9070224    713344      7.29    305124
14:27:02       163452   3207052     95.15     34228   1851128   9070224    713344      7.29    305124
14:28:01       179528   3190976     94.67     34376   1866140   9070240    713328      7.29    305192
14:29:01       139656   3230848     95.86     43172   1897184   9070240    713328      7.29    305192
14:30:01       119756   3250748     96.45     42632   1903388   9070152    713416      7.29    305280
14:31:01       120060   3250444     96.44     42632   1888356   9070152    713416      7.29    305252
14:32:01       119572   3250932     96.45     42804   1883388   9070152    713416      7.29    305256
14:33:01       189240   3181264     94.39     41692   1832904   9070184    713384      7.29    305188
14:34:01       176008   3194496     94.78     41948   1848664   9070252    713316      7.29    305244
14:35:01       181804   3188700     94.61     42004   1838704   9070288    713280      7.29    305208
14:36:01       188948   3181556     94.39     42844   1854384   9070320    713248      7.29    305244
14:37:01       178060   3192444     94.72     42300   1855220   9070184    713384      7.29    305236
14:38:01       134384   3236120     96.01     42852   1871224   9070216    713352      7.29    305204
14:39:01       135548   3234956     95.98     46024   1891328   9074620    708948      7.25    304612
14:40:01       127928   3242576     96.20     45548   1896948   9074552    709016      7.25    304644
14:41:01       145748   3224756     95.68     45672   1901484   9074580    708988      7.25    304644
14:42:01       124144   3246360     96.32     45848   1911804   9074580    708988      7.25    304644
14:43:01       121492   3249012     96.40     46040   1922252   9074632    708936      7.25    304748
14:44:01       120168   3250336     96.43     46112   1911576   9073308    710260      7.26    306072
14:45:01       122332   3248172     96.37     45884   1881512   9073232    710336      7.26    306136
14:46:01       140352   3230152     95.84     45372   1881640   9073216    710352      7.26    306152
14:47:01       124120   3246384     96.32     45468   1886612   9073216    710352      7.26    306152
14:48:01       125520   3244984     96.28     44228   1862336   9073308    710260      7.26    306168
14:49:01       154720   3215784     95.41     44392   1877440   9073324    710244      7.26    306168
14:50:01       154308   3216196     95.42     44616   1892960   9073348    710220      7.26    306192
14:51:01       121244   3249260     96.40     44784   1888508   9073300    710268      7.26    306236
14:52:01       182696   3187808     94.58     44868   1858884   9073288    710280      7.26    306196
14:53:02       167668   3202836     95.03     44976   1873968   9073288    710280      7.26    306196
14:54:01       134872   3235632     96.00     45076   1888680   9073288    710280      7.26    306196
14:55:01       182696   3187808     94.58     43868   1834672   9073260    710308      7.26    306224
15:05:01       135792   3234712     95.97     45788   1867288   9073096    710472      7.26    306400
15:06:01       150184   3220320     95.54     45504   1868700   9073104    710464      7.26    306372
15:07:01       122744   3247760     96.36     43880   1876260   9077424    706144      7.22    306440
15:08:01       144276   3226228     95.72     44048   1886036   9077424    706144      7.22    306440
15:09:01       119804   3250700     96.45     43344   1876756   9077416    706152      7.22    306480
15:10:01       183964   3186540     94.54     43340   1839708   9077388    706180      7.22    306508
15:11:01       184012   3186492     94.54     43460   1854724   9077388    706180      7.22    306508
15:12:01       177980   3192524     94.72     43752   1859724   9077412    706156      7.22    306580
15:13:01       206036   3164468     93.89     43396   1840104   9073592    709976      7.26    310268
15:14:01       209728   3160776     93.78     43520   1855000   9073592    709976      7.26    310268
15:15:01       180548   3189956     94.64     43736   1870024   9073592    709976      7.26    310296
15:16:02       145420   3225084     95.69     43928   1885652   9073700    709868      7.26    310296
15:17:01       155872   3214632     95.38     43912   1859116   9072380    711188      7.27    311108
15:18:01       126756   3243748     96.24     44116   1874420   9072380    711188      7.27    311108
15:19:01       194480   3176024     94.23     42884   1811268   9072364    711204      7.27    311128
15:20:01       194652   3175852     94.22     44088   1829376   9073472    710096      7.26    310372
15:21:01       184520   3185984     94.53     44244   1844840   9073496    710072      7.26    310380
15:22:01       199784   3170720     94.07     44400   1855148   9073524    710044      7.26    310412
15:23:01       197836   3172668     94.13     44784   1870408   9073524    710044      7.26    310412
15:24:01       178716   3191788     94.70     44940   1885436   9073524    710044      7.26    310412
15:25:01       175344   3195160     94.80     45172   1900592   9073532    710036      7.26    310464
15:26:01       142832   3227672     95.76     45312   1915588   9073532    710036      7.26    310464
15:27:01       145544   3224960     95.68     43048   1872740   9072868    710700      7.26    309464
15:28:01       132512   3237992     96.07     43540   1889044   9072868    710700      7.26    309464
15:29:01       161528   3208976     95.21     44216   1906292   9072956    710612      7.26    309492
15:30:01       168948   3201556     94.99     45208   1897008   9073068    710500      7.26    309492
15:31:01       123504   3247000     96.34     45356   1911972   9073068    710500      7.26    309520
15:32:01       121288   3249216     96.40     45492   1917788   9073068    710500      7.26    309520
15:33:01       130924   3239580     96.12     45532   1896392   9071980    711588      7.27    310520
15:34:01       122552   3247952     96.36     45352   1886780   9072012    711556      7.27    310580
15:35:01       181540   3188964     94.61     44456   1816704   9071984    711584      7.27    310544
15:36:01       167768   3202736     95.02     44756   1831948   9071984    711584      7.27    310544
15:37:01       166100   3204404     95.07     44960   1847584   9072392    711176      7.27    310136
15:38:01       161400   3209104     95.21     44940   1840004   9072296    711272      7.27    310228
15:39:01       145300   3225204     95.69     45128   1849304   9072508    711060      7.27    309856
15:40:01       121580   3248924     96.39     45284   1867656   9080476    703092      7.19    309676
15:41:01       186056   3184448     94.48     45212   1830580   9080352    703216      7.19    309636
15:42:01       156416   3214088     95.36     45496   1847108   9080408    703160      7.19    309580
15:43:01       140556   3229948     95.83     45640   1862108   9080408    703160      7.19    309580
15:44:01       181860   3188644     94.60     44316   1806040   9080120    703448      7.19    308968
15:45:01       154880   3215624     95.40     44608   1821884   9080120    703448      7.19    308968
15:46:01       174528   3195976     94.82     44900   1838220   9080160    703408      7.19    308976
15:47:01       171336   3199168     94.92     41080   1834676   9080160    703408      7.19    308632
15:48:01       156268   3214236     95.36     41200   1849856   9080160    703408      7.19    308632
15:49:01       139368   3231136     95.87     41444   1864936   9080176    703392      7.19    308632
15:50:01       146340   3224164     95.66     41564   1879932   9080176    703392      7.19    308632
15:51:01       177868   3192636     94.72     37968   1843556   9080192    703376      7.19    308680
15:52:01       147348   3223156     95.63     38684   1862944   9080192    703376      7.19    308680
15:53:01       173240   3197264     94.86     39032   1879188   9080192    703376      7.19    308680
15:54:01       137960   3232544     95.91     39176   1894288   9080200    703368      7.19    308672
15:55:01       156556   3213948     95.36     40544   1855584   9080120    703448      7.19    308608
16:05:02       204644   3165860     93.93     39768   1859384   9079732    703836      7.19    308824
16:06:01       168004   3202500     95.02     39976   1874548   9079840    703728      7.19    308836
16:07:01       160388   3210116     95.24     40300   1889784   9079840    703728      7.19    308836
16:08:01       144696   3225808     95.71     40432   1904944   9079840    703728      7.19    308836
16:09:01       121044   3249460     96.41     40424   1914884   9079856    703712      7.19    308820
16:10:01       130364   3240140     96.13     40656   1899412   9079856    703712      7.19    308844
16:11:01       123248   3247256     96.34     40800   1899580   9079856    703712      7.19    308844
16:12:01       122092   3248412     96.38     40844   1889376   9079856    703712      7.19    308844
16:13:01       192480   3178024     94.29     40912   1894024   9079824    703744      7.19    308584
16:14:01       155992   3214512     95.37     41216   1909568   9079916    703652      7.19    308588
16:15:01       151044   3219460     95.52     41452   1924596   9079952    703616      7.19    308588
16:16:01       139732   3230772     95.85     41888   1888512   9079852    703716      7.19    308588
16:17:01       185320   3185184     94.50     41068   1847356   9086040    697528      7.13    308804
16:18:01       172956   3197548     94.87     41268   1847300   9086040    697528      7.13    308832
16:19:01       188856   3181648     94.40     41416   1847448   9086040    697528      7.13    308840
16:20:01       188856   3181648     94.40     41524   1847492   9086040    697528      7.13    308840
16:21:01       186624   3183880     94.46     41768   1847636   9086040    697528      7.13    308840
16:22:01       208504   3162000     93.81     41904   1847704   9086040    697528      7.13    308840
16:23:01       207900   3162604     93.83     42040   1847760   9086040    697528      7.13    308840
16:24:01       180744   3189760     94.64     42180   1847848   9086040    697528      7.13    308864
16:25:01       181600   3188904     94.61     42488   1848060   9086040    697528      7.13    308864
16:26:01       182664   3187840     94.58     42772   1848476   9086148    697420      7.13    308888
16:27:01       185136   3185368     94.51     42984   1848608   9086148    697420      7.13    308888
16:28:01       187732   3182772     94.43     43088   1848848   9086148    697420      7.13    308888
16:29:01       236160   3134344     92.99     44048   1851480   9086176    697392      7.13    308860
16:30:01       208836   3161668     93.80     44164   1851552   9086176    697392      7.13    308860
16:31:01       226916   3143588     93.27     44356   1851764   9086240    697328      7.13    308872
16:32:01       214536   3155968     93.63     44428   1851840   9086240    697328      7.13    308872
16:33:01       208548   3161956     93.81     44592   1851976   9086248    697320      7.13    308864
16:34:01       211028   3159476     93.74     44800   1852108   9086276    697292      7.13    308872
16:35:01       241852   3128652     92.82     44888   1852172   9086304    697264      7.13    308868
16:36:01       231444   3139060     93.13     45020   1852276   9086304    697264      7.13    308868
16:37:01       233096   3137408     93.08     45172   1852296   9086304    697264      7.13    308932
16:38:01       227836   3142668     93.24     45252   1852320   9086304    697264      7.13    308932
16:39:01       226720   3143784     93.27     45344   1852332   9086304    697264      7.13    308932
16:40:01       239988   3130516     92.88     45504   1852376   9086320    697248      7.13    308932
16:41:01       228540   3141964     93.22     45696   1852460   9086352    697216      7.13    308932
